68350 | 11176 | 79526 | 18:44:46
65799 | 10757 | 76556 | 18:44:47
68113 | 11136 | 79249 | 18:44:48
66989 | 10925 | 77914 | 18:44:49
67394 | 10981 | 78375 | 18:44:50
70830 | 11587 | 82417 | 18:44:51
71427 | 11648 | 83075 | 18:44:52
68801 | 11202 | 80003 | 18:44:53
67541 | 11051 | 78592 | 18:44:54
67668 | 11052 | 78720 | 18:44:55
66732 | 10930 | 77662 | 18:44:56
65790 | 10733 | 76523 | 18:44:57
69647 | 11318 | 80965 | 18:44:58
67319 | 10994 | 78313 | 18:44:59
68680 | 11233 | 79913 | 18:45:00
67978 | 11139 | 79117 | 18:45:01
66525 | 10867 | 77392 | 18:45:02
70903 | 11563 | 82466 | 18:45:03
71067 | 11603 | 82670 | 18:45:04
69969 | 11428 | 81397 | 18:45:05
71885 | 11740 | 83625 | 18:45:06
70018 | 11433 | 81451 | 18:45:07
70487 | 11479 | 81966 | 18:45:08
67781 | 11034 | 78815 | 18:45:09
66717 | 10905 | 77622 | 18:45:10
70214 | 11439 | 81653 | 18:45:11
67985 | 11114 | 79099 | 18:45:12
68583 | 11216 | 79799 | 18:45:13
66728 | 10871 | 77599 | 18:45:14
70462 | 11469 | 81931 | 18:45:15
최대값: Incoming 71885KB/s, Outgoing 11740KB/s, Total 83625KB/s
