16644 | 2701 | 19345 | 01:15:55
16468 | 2671 | 19139 | 01:15:56
15603 | 2548 | 18151 | 01:15:57
15450 | 2522 | 17972 | 01:15:58
15791 | 2597 | 18388 | 01:15:59
16092 | 2619 | 18711 | 01:16:00
15497 | 2539 | 18036 | 01:16:01
15616 | 2547 | 18163 | 01:16:02
16321 | 2670 | 18991 | 01:16:03
16055 | 2601 | 18656 | 01:16:04
15555 | 2532 | 18087 | 01:16:05
15660 | 2577 | 18237 | 01:16:06
16329 | 2681 | 19010 | 01:16:07
15812 | 2572 | 18384 | 01:16:08
15582 | 2535 | 18117 | 01:16:09
15720 | 2553 | 18273 | 01:16:10
16483 | 2686 | 19169 | 01:16:11
16753 | 2733 | 19486 | 01:16:12
16569 | 2696 | 19265 | 01:16:14
15970 | 2614 | 18584 | 01:16:15
17243 | 2849 | 20092 | 01:16:16
16636 | 2741 | 19377 | 01:16:17
16717 | 2716 | 19433 | 01:16:18
16718 | 2727 | 19445 | 01:16:19
16932 | 2772 | 19704 | 01:16:20
15895 | 2600 | 18495 | 01:16:21
16193 | 2645 | 18838 | 01:16:22
16143 | 2628 | 18771 | 01:16:23
17493 | 2848 | 20341 | 01:16:24
최대값: Incoming 17493KB/s, Outgoing 2849KB/s, Total 20341KB/s
