98885 | 16177 | 115062 | 18:55:39
99237 | 16208 | 115445 | 18:55:40
99348 | 16228 | 115576 | 18:55:41
102618 | 16765 | 119383 | 18:55:42
103653 | 16927 | 120580 | 18:55:43
99716 | 16221 | 115937 | 18:55:44
101426 | 16523 | 117949 | 18:55:45
102036 | 16608 | 118644 | 18:55:46
101952 | 16695 | 118647 | 18:55:47
102287 | 16743 | 119030 | 18:55:48
104547 | 17044 | 121591 | 18:55:49
105121 | 17110 | 122231 | 18:55:50
103129 | 16868 | 119997 | 18:55:51
100232 | 16350 | 116582 | 18:55:52
96925 | 15840 | 112765 | 18:55:53
101594 | 16607 | 118201 | 18:55:54
103193 | 16850 | 120043 | 18:55:55
103028 | 16815 | 119843 | 18:55:56
103752 | 16919 | 120671 | 18:55:57
102643 | 16738 | 119381 | 18:55:58
102557 | 16705 | 119262 | 18:55:59
101481 | 16595 | 118076 | 18:56:00
101636 | 16619 | 118255 | 18:56:01
100730 | 16416 | 117146 | 18:56:02
98779 | 16117 | 114896 | 18:56:03
98850 | 16135 | 114985 | 18:56:04
102194 | 16670 | 118864 | 18:56:05
102779 | 16752 | 119531 | 18:56:06
104448 | 17026 | 121474 | 18:56:07
105162 | 17142 | 122304 | 18:56:08
최대값: Incoming 105162KB/s, Outgoing 17142KB/s, Total 122304KB/s
