43646 | 7115 | 50761 | 18:34:45
43021 | 7034 | 50055 | 18:34:46
43861 | 7177 | 51038 | 18:34:47
43728 | 7128 | 50856 | 18:34:48
45937 | 7498 | 53435 | 18:34:49
45764 | 7475 | 53239 | 18:34:50
44817 | 7339 | 52156 | 18:34:51
43313 | 7071 | 50384 | 18:34:52
43194 | 7041 | 50235 | 18:34:53
44297 | 7214 | 51511 | 18:34:54
44566 | 7257 | 51823 | 18:34:55
42496 | 6947 | 49443 | 18:34:56
41078 | 6736 | 47814 | 18:34:57
41623 | 6782 | 48405 | 18:34:58
43404 | 7086 | 50490 | 18:34:59
43962 | 7141 | 51103 | 18:35:00
41802 | 6819 | 48621 | 18:35:01
42378 | 6941 | 49319 | 18:35:02
43075 | 7012 | 50087 | 18:35:03
43104 | 7039 | 50143 | 18:35:04
45065 | 7363 | 52428 | 18:35:05
44359 | 7217 | 51576 | 18:35:06
43913 | 7196 | 51109 | 18:35:07
44613 | 7268 | 51881 | 18:35:08
43921 | 7175 | 51096 | 18:35:09
44548 | 7253 | 51801 | 18:35:10
46113 | 7501 | 53614 | 18:35:11
45564 | 7468 | 53032 | 18:35:12
45204 | 7370 | 52574 | 18:35:13
45317 | 7383 | 52700 | 18:35:14
최대값: Incoming 46113KB/s, Outgoing 7501KB/s, Total 53614KB/s
