56443 | 9202 | 65645 | 18:40:14
55931 | 9115 | 65046 | 18:40:15
58493 | 9578 | 68071 | 18:40:16
59861 | 9781 | 69642 | 18:40:17
57798 | 9400 | 67198 | 18:40:18
59798 | 9786 | 69584 | 18:40:19
59930 | 9825 | 69755 | 18:40:20
59191 | 9650 | 68841 | 18:40:21
55541 | 9062 | 64603 | 18:40:22
56940 | 9335 | 66275 | 18:40:23
54562 | 8905 | 63467 | 18:40:24
56638 | 9248 | 65886 | 18:40:25
59174 | 9638 | 68812 | 18:40:26
58966 | 9627 | 68593 | 18:40:27
61418 | 10024 | 71442 | 18:40:28
58486 | 9519 | 68005 | 18:40:29
58074 | 9463 | 67537 | 18:40:30
60877 | 9910 | 70787 | 18:40:31
55847 | 9104 | 64951 | 18:40:32
58714 | 9577 | 68291 | 18:40:33
56049 | 9152 | 65201 | 18:40:35
59137 | 9663 | 68800 | 18:40:36
56633 | 9264 | 65897 | 18:40:37
56921 | 9276 | 66197 | 18:40:38
58208 | 9530 | 67738 | 18:40:39
61432 | 10024 | 71456 | 18:40:40
59590 | 9714 | 69304 | 18:40:41
59889 | 9775 | 69664 | 18:40:42
59951 | 9776 | 69727 | 18:40:43
최대값: Incoming 61432KB/s, Outgoing 10024KB/s, Total 71456KB/s
