177317 | 28933 | 206250 | 19:04:02
175740 | 28634 | 204374 | 19:04:03
179044 | 29217 | 208261 | 19:04:04
181433 | 29599 | 211032 | 19:04:05
182152 | 29696 | 211848 | 19:04:06
182381 | 29729 | 212110 | 19:04:07
179154 | 29258 | 208412 | 19:04:08
174867 | 28534 | 203401 | 19:04:09
174631 | 28423 | 203054 | 19:04:10
179699 | 29345 | 209044 | 19:04:11
180105 | 29401 | 209506 | 19:04:12
181742 | 29673 | 211415 | 19:04:13
180358 | 29343 | 209701 | 19:04:14
182488 | 29804 | 212292 | 19:04:15
180944 | 29550 | 210494 | 19:04:16
175685 | 28658 | 204343 | 19:04:17
176959 | 28955 | 205914 | 19:04:18
183417 | 29944 | 213361 | 19:04:19
176111 | 28680 | 204791 | 19:04:20
171958 | 28103 | 200061 | 19:04:21
175507 | 28752 | 204259 | 19:04:22
181963 | 29688 | 211651 | 19:04:23
180186 | 29348 | 209534 | 19:04:24
179591 | 29359 | 208950 | 19:04:25
178458 | 29093 | 207551 | 19:04:26
178320 | 29143 | 207463 | 19:04:27
179005 | 29178 | 208183 | 19:04:28
182428 | 29807 | 212235 | 19:04:29
180805 | 29473 | 210278 | 19:04:31
최대값: Incoming 183417KB/s, Outgoing 29944KB/s, Total 213361KB/s
