259215 | 42381 | 301596 | 19:06:23
257815 | 42149 | 299964 | 19:06:24
258857 | 42290 | 301147 | 19:06:25
258835 | 42246 | 301081 | 19:06:26
263019 | 42975 | 305994 | 19:06:27
266355 | 43377 | 309732 | 19:06:28
262157 | 42771 | 304928 | 19:06:29
260241 | 42428 | 302669 | 19:06:30
263043 | 43005 | 306048 | 19:06:31
254434 | 41580 | 296014 | 19:06:32
260280 | 42546 | 302826 | 19:06:33
265711 | 43308 | 309019 | 19:06:34
261042 | 42622 | 303664 | 19:06:35
263563 | 43031 | 306594 | 19:06:36
261397 | 42657 | 304054 | 19:06:37
262627 | 42902 | 305529 | 19:06:38
260653 | 42464 | 303117 | 19:06:39
264387 | 43101 | 307488 | 19:06:40
264121 | 43116 | 307237 | 19:06:41
254001 | 41539 | 295540 | 19:06:42
9277 | 1513 | 10790 | 19:06:43
1 | 0 | 1 | 19:06:44
1 | 0 | 1 | 19:06:45
13 | 0 | 13 | 19:06:46
1 | 0 | 1 | 19:06:47
0 | 0 | 0 | 19:06:48
0 | 0 | 0 | 19:06:49
0 | 0 | 0 | 19:06:50
0 | 0 | 0 | 19:06:51
0 | 0 | 0 | 19:06:52
최대값: Incoming 266355KB/s, Outgoing 43377KB/s, Total 309732KB/s
