326507 | 53326 | 379833 | 19:08:45
329478 | 53728 | 383206 | 19:08:46
326631 | 53322 | 379953 | 19:08:47
319656 | 52151 | 371807 | 19:08:48
322479 | 52611 | 375090 | 19:08:49
328878 | 53645 | 382523 | 19:08:50
331422 | 54109 | 385531 | 19:08:51
319119 | 52132 | 371251 | 19:08:52
318608 | 51890 | 370498 | 19:08:53
329043 | 53758 | 382801 | 19:08:54
335211 | 54733 | 389944 | 19:08:55
330027 | 53853 | 383880 | 19:08:56
323995 | 52904 | 376899 | 19:08:58
326047 | 53152 | 379199 | 19:08:59
331549 | 54011 | 385560 | 19:09:00
306993 | 50082 | 357075 | 19:09:01
312920 | 51106 | 364026 | 19:09:02
325903 | 53205 | 379108 | 19:09:03
51544 | 8451 | 59995 | 19:09:04
0 | 0 | 0 | 19:09:05
6 | 0 | 6 | 19:09:06
22 | 0 | 22 | 19:09:07
0 | 0 | 0 | 19:09:08
0 | 0 | 0 | 19:09:09
0 | 0 | 0 | 19:09:10
1 | 1 | 2 | 19:09:11
0 | 0 | 0 | 19:09:12
0 | 0 | 0 | 19:09:13
0 | 0 | 0 | 19:09:14
최대값: Incoming 335211KB/s, Outgoing 54733KB/s, Total 389944KB/s
