90851 | 14808 | 105659 | 18:52:17
90368 | 14740 | 105108 | 18:52:18
93344 | 15226 | 108570 | 18:52:19
95376 | 15536 | 110912 | 18:52:20
93502 | 15277 | 108779 | 18:52:21
89330 | 14577 | 103907 | 18:52:22
93072 | 15157 | 108229 | 18:52:23
94547 | 15450 | 109997 | 18:52:24
93187 | 15229 | 108416 | 18:52:25
92096 | 15012 | 107108 | 18:52:26
91697 | 14953 | 106650 | 18:52:27
90080 | 14701 | 104781 | 18:52:28
88197 | 14416 | 102613 | 18:52:29
88118 | 14389 | 102507 | 18:52:30
91602 | 14942 | 106544 | 18:52:31
93058 | 15186 | 108244 | 18:52:32
91695 | 15009 | 106704 | 18:52:33
90888 | 14831 | 105719 | 18:52:34
88935 | 14487 | 103422 | 18:52:35
86549 | 14152 | 100701 | 18:52:36
84667 | 13794 | 98461 | 18:52:37
87361 | 14236 | 101597 | 18:52:38
93217 | 15225 | 108442 | 18:52:39
94297 | 15421 | 109718 | 18:52:40
95019 | 15541 | 110560 | 18:52:41
96882 | 15817 | 112699 | 18:52:42
93806 | 15271 | 109077 | 18:52:43
93084 | 15208 | 108292 | 18:52:44
92111 | 15042 | 107153 | 18:52:45
90414 | 14782 | 105196 | 18:52:46
최대값: Incoming 96882KB/s, Outgoing 15817KB/s, Total 112699KB/s
