78705 | 12824 | 91529 | 18:48:45
77714 | 12684 | 90398 | 18:48:46
78946 | 12883 | 91829 | 18:48:47
79395 | 12945 | 92340 | 18:48:48
81590 | 13389 | 94979 | 18:48:49
80149 | 13134 | 93283 | 18:48:50
80763 | 13230 | 93993 | 18:48:51
79529 | 12953 | 92482 | 18:48:52
80349 | 13139 | 93488 | 18:48:53
81505 | 13283 | 94788 | 18:48:54
83029 | 13523 | 96552 | 18:48:55
82582 | 13472 | 96054 | 18:48:56
81785 | 13369 | 95154 | 18:48:57
82790 | 13517 | 96307 | 18:48:58
79689 | 13003 | 92692 | 18:48:59
79511 | 12944 | 92455 | 18:49:00
79997 | 13038 | 93035 | 18:49:01
81445 | 13332 | 94777 | 18:49:02
84713 | 13835 | 98548 | 18:49:03
83117 | 13588 | 96705 | 18:49:04
84408 | 13737 | 98145 | 18:49:05
81470 | 13307 | 94777 | 18:49:06
83727 | 13649 | 97376 | 18:49:07
81143 | 13204 | 94347 | 18:49:08
81524 | 13278 | 94802 | 18:49:09
84499 | 13817 | 98316 | 18:49:10
83908 | 13678 | 97586 | 18:49:11
81644 | 13292 | 94936 | 18:49:12
84644 | 13831 | 98475 | 18:49:14
최대값: Incoming 84713KB/s, Outgoing 13835KB/s, Total 98548KB/s
