121135 | 19770 | 140905 | 18:58:35
119999 | 19591 | 139590 | 18:58:36
119535 | 19515 | 139050 | 18:58:37
122829 | 20048 | 142877 | 18:58:38
125620 | 20498 | 146118 | 18:58:39
124304 | 20291 | 144595 | 18:58:40
120932 | 19722 | 140654 | 18:58:41
117212 | 19161 | 136373 | 18:58:42
118834 | 19396 | 138230 | 18:58:43
122175 | 19928 | 142103 | 18:58:44
121488 | 19860 | 141348 | 18:58:45
124816 | 20345 | 145161 | 18:58:46
126894 | 20660 | 147554 | 18:58:47
115676 | 18874 | 134550 | 18:58:48
120166 | 19660 | 139826 | 18:58:49
122424 | 19979 | 142403 | 18:58:50
122836 | 20051 | 142887 | 18:58:51
119535 | 19516 | 139051 | 18:58:52
119129 | 19420 | 138549 | 18:58:54
121730 | 19891 | 141621 | 18:58:55
124308 | 20313 | 144621 | 18:58:56
121124 | 19786 | 140910 | 18:58:57
123797 | 20202 | 143999 | 18:58:58
123419 | 20105 | 143524 | 18:58:59
124811 | 20375 | 145186 | 18:59:00
124461 | 20322 | 144783 | 18:59:01
124533 | 20331 | 144864 | 18:59:02
122243 | 19987 | 142230 | 18:59:03
124015 | 20269 | 144284 | 18:59:04
최대값: Incoming 126894KB/s, Outgoing 20660KB/s, Total 147554KB/s
