140570 | 22979 | 163549 | 19:01:20
138796 | 22620 | 161416 | 19:01:21
145281 | 23737 | 169018 | 19:01:22
147169 | 23982 | 171151 | 19:01:23
145277 | 23697 | 168974 | 19:01:24
143349 | 23336 | 166685 | 19:01:25
144282 | 23582 | 167864 | 19:01:26
141280 | 23020 | 164300 | 19:01:27
139533 | 22772 | 162305 | 19:01:28
145035 | 23653 | 168688 | 19:01:29
146013 | 23825 | 169838 | 19:01:30
144446 | 23573 | 168019 | 19:01:31
146938 | 24010 | 170948 | 19:01:32
142461 | 23224 | 165685 | 19:01:33
140879 | 22978 | 163857 | 19:01:34
140831 | 22950 | 163781 | 19:01:35
145395 | 23715 | 169110 | 19:01:36
144247 | 23487 | 167734 | 19:01:37
145502 | 23748 | 169250 | 19:01:38
145500 | 23700 | 169200 | 19:01:39
147655 | 24067 | 171722 | 19:01:40
145749 | 23732 | 169481 | 19:01:41
145761 | 23764 | 169525 | 19:01:42
148203 | 24184 | 172387 | 19:01:43
146077 | 23775 | 169852 | 19:01:44
146150 | 23886 | 170036 | 19:01:45
143404 | 23413 | 166817 | 19:01:46
145747 | 23835 | 169582 | 19:01:47
143784 | 23449 | 167233 | 19:01:48
146222 | 23856 | 170078 | 19:01:49
최대값: Incoming 148203KB/s, Outgoing 24184KB/s, Total 172387KB/s
